*****************************
Name:        Samarjeet Randhawa
Class:       CS30S
Assignment:  Ax Qy
*****************************

3
21
42
39
27
7
5
47
33
46
25
44
35
11
37
15
34
25
47
6
20
32
16
13
33
20
29
17
20
29
36
4
15
27
5
34
10
17
19
17
13
48
14
2
15
13
42
21
13
23
24
23
31
22
13
10
1
50
23
29
38
31
43
13
27
45
47
1
47
19
19
25
43
36
35
14
10
45
10
45
36
46
6
3
47
43
48
16
34
45
32
27
12
7
20
30
48
13
29
12
9
5
16
23
6
4
27
2
24
33
7
43
30
30
26
33
26
30
9
1
32
27
38
36
10
25
2
28
42
31
34
13
38
4
40
9
43
19
47
19
16
11
23
19
12
45
12
31
18
43
5
26
47
34
19
14
46
11
32
4
50
49
12
17
8
39
35
37
15
7
34
47
7
8
19
6
33
12
38
15
5
11
15
48
44
42
36
1
18
17
3
22
15
49
9
43
37
1
21
15
45
23
5
31
1
4
14
7
13
30
48
15
47
29
34
48
41
19
14
28
26
27
47
37
32
6
26
13
37
41
41
38
29
47
45
23
32
14
10
16
35
23
35
11
32
48
12
37
50
30
21
29
16
36
30
10
2
28
39
40
2
9
25
16
28
8
48
37
44
9
37
20
49
24
38
6
38
25
25
45
20
27
17
42
38
26
43
4
26
49
15
7
15
18
4
21
24
25
38
34
1
40
2
28
34
29
49
45
45
3
2
11
10
11
44
2
24
46
25
44
39
4
32
41
24
1
14
40
6
38
10
36
13
48
2
7
38
15
32
46
25
5
12
30
10
13
47
11
4
43
50
28
40
16
34
1
32
41
30
12
34
3
21
15
48
11
40
42
14
42
5
35
12
9
38
42
22
38
11
29
30
2
12
4
14
7
20
42
25
15
29
35
11
15
39
15
6
46
16
9
29
35
43
8
7
4
50
22
17
12
18
7
20
44
40
35
36
32
37
31
43
33
21
30
44
14
50
48
1
40
48
22
36
9
21
15
16
33
42
21
37
1
14
17
6
13
25
48
41
27
21
22
9
46
19
36
24
12
21
13
32
21
47
42
15
13
7
49
16
14
49
5
8
45
16
15
50
36
41
48
7
22
40
3
31
20
31
30
26
43
16
3
2
40
46
10
48
24
17
4
26
32
14
45
33
48
11
41
30
20
9
32
1
38
41
10
26
9
39
11
39
45
27
26
19
17
45
1
10
40
40
18
20
35
33
8
26
38
49
29
39
13
18
30
19
47
40
33
23
47
46
31
12
10
43
26
4
47
22
28
16
48
29
8
17
39
12
36
12
43
30
31
33
24
18
50
46
36
14
15
8
48
7
10
28
24
5
45
39
50
31
41
16
44
32
26
22
25
32
46
47
13
44
43
21
29
3
49
36
28
47
35
33
9
31
37
6
16
37
9
45
46
34
19
6
44
15
19
17
14
50
3
38
33
32
24
41
1
46
1
12
29
23
20
50
40
28
14
15
48
9
43
24
40
31
1
25
26
25
41
32
34
32
21
31
27
23
5
22
32
8
4
25
29
23
22
4
34
18
35
24
14
24
7
43
32
5
17
32
12
36
38
41
35
49
33
9
31
31
27
44
6
37
18
42
3
17
3
18
18
21
32
21
37
12
25
24
33
7
2
16
21
28
26
2
37
32
40
45
34
30
34
29
1
22
46
44
41
2
15
17
38
31
2
47
26
19
22
37
9
41
18
23
11
18
45
23
21
5
32
30
40
35
40
23
50
14
19
38
47
13
37
10
47
22
16
18
7
8
50
46
36
9
4
34
48
20
8
14
38
20
36
45
15
21
9
24
11
47
44
43
49
1
36
11
42
11
19
15
39
28
48
49
19
13
25
45
20
35
7
19
16
22
37
5
29
44
47
38
41
45
47
48
39
35
43
46
32
32
19
44
10
11
8
30
34
23
23
11
5
46
49
38
21
14
18
15
46
32
5
35
5
33
31
20
31
2
18
27
48
4
7
20
43
11
40
9
28
43
42
36
18
37
18
22
35
50
39
30
30
13
14
33
28
48
47
46
36
40
17
47
19
8
14
33
42
17
7
34
43
10
18
19
33
2
32
7
33
49
17
31
11
36
9
34
8
32
39
37
6
1
44
42
22
14
16
27
6
48
26
41
10
13
43
7
40
47
24
30
4
46
11
14
22
28
50
41
22
46
36
46
47
27
10
37
13
15
8
7
24
36
28
10
44
22
31
9
47
31
12
31
18
1
49
30
45
23
23
15
47
3
19
10
13
12
29
36
7
11
33
End of Processing
